Количество_опорных_точек_по_координатам
3 4 4
Опорные_точки
0 0 0   5 0 0   7 0 0
0 2.59 0   5.59 2.59 0   7 2 0
0 4 0   5 4 0   7 4 0
0 6 0   5 6 0   7 6 0

0 0 3   5 0 3   7 0 3
0 2.59 3   5.59 2.59 3   7 2 3
0 4 3   5 4 3   7 4 3
0 6 3   5 6 3   7 6 3

0 0 6   5 0 6   7 0 6
0 2.59 6   5.59 2.59 6   7 2 6
0 4 6   5 4 6   7 4 6
0 6 6   5 6 6   7 6 6

0 0 9   5 0 9   7 0 9
0 2.59 11   5.59 2.59 11   7 2 11
0 4 11   5 4 11   7 4 11
0 6 8   5 6 8   7 6 8
Информация_о_разбиении_сетки
4 -1.5   2 1
3 -1.4    3 1.25   2 1.5
3 -1.2   2 1   4 1.5
Число_подобластей
5
Номер_и_границы_подобластей
1 1 3 1 2 1 2
2 1 3 1 2 3 4
3 1 2 2 3 1 4
4 1 3 3 4 1 4
5 2 3 2 3 1 3
Информация_о_криволинейных_участках
14
1    1 2 2  7. 4. 0.
1    2 2 2  7. 4. 3.
1    3 2 2  7. 4. 6.
1    4 2 2  7. 4. 11.
-1   1 2 2  7. 4. 0.
-1   2 2 2  7. 4. 3.
-1   3 2 2  7. 4. 6.
-1   4 2 2  7. 4. 11.
-1   4 3 1  0. 2. 7.5
-1   4 3 2  5. 2. 7.5
-1   4 3 3  7. 2. 7.5
-10  1 1 1  0. 3. 1.5
-10  1 1 2  5. 3. 1.5
-10  1 1 3  7. 3. 1.5
























